0.08 0.004 1e-05 5e-07 
0.08 0.004 2e-05 1e-06 
0.08 0.004 4e-05 2e-06 
0.08 0.004 8e-05 4e-06 
0.08 0.008 1e-05 1e-06 
0.08 0.008 2e-05 5e-07 
0.08 0.008 4e-05 4e-06 
0.08 0.008 8e-05 2e-06 
0.08 0.016 1e-05 2e-06 
0.08 0.016 2e-05 4e-06 
0.08 0.016 4e-05 5e-07 
0.08 0.016 8e-05 1e-06 
0.08 0.128 1e-05 4e-06 
0.08 0.128 2e-05 2e-06 
0.08 0.128 4e-05 1e-06 
0.08 0.128 8e-05 5e-07 
0.16 0.004 1e-05 1e-06 
0.16 0.004 2e-05 5e-07 
0.16 0.004 4e-05 4e-06 
0.16 0.004 8e-05 2e-06 
0.16 0.008 1e-05 5e-07 
0.16 0.008 2e-05 1e-06 
0.16 0.008 4e-05 2e-06 
0.16 0.008 8e-05 4e-06 
0.16 0.016 1e-05 4e-06 
0.16 0.016 2e-05 2e-06 
0.16 0.016 4e-05 1e-06 
0.16 0.016 8e-05 5e-07 
0.16 0.128 1e-05 2e-06 
0.16 0.128 2e-05 4e-06 
0.16 0.128 4e-05 5e-07 
0.16 0.128 8e-05 1e-06 
0.32 0.004 1e-05 2e-06 
0.32 0.004 2e-05 4e-06 
0.32 0.004 4e-05 5e-07 
0.32 0.004 8e-05 1e-06 
0.32 0.008 1e-05 4e-06 
0.32 0.008 2e-05 2e-06 
0.32 0.008 4e-05 5e-07 
0.32 0.008 8e-05 1e-06 
0.32 0.016 1e-05 5e-07 
0.32 0.016 2e-05 1e-06 
0.32 0.016 4e-05 2e-06 
0.32 0.016 8e-05 4e-06 
0.32 0.128 1e-05 1e-06 
0.32 0.128 2e-05 5e-07 
0.32 0.128 4e-05 4e-06 
0.32 0.128 8e-05 2e-06 
0.64 0.004 1e-05 4e-06 
0.64 0.004 2e-05 2e-06 
0.64 0.004 4e-05 1e-06 
0.64 0.004 8e-05 5e-07 
0.64 0.008 1e-05 2e-06 
0.64 0.008 2e-05 4e-06 
0.64 0.008 4e-05 5e-07 
0.64 0.008 8e-05 1e-06 
0.64 0.016 1e-05 1e-06 
0.64 0.016 2e-05 5e-07 
0.64 0.016 4e-05 4e-06 
0.64 0.016 8e-05 2e-06 
0.64 0.128 1e-05 5e-07 
0.64 0.128 2e-05 1e-06 
0.64 0.128 4e-05 2e-06 
0.64 0.128 8e-05 4e-06
